{
 "cells": [
  {
   "cell_type": "markdown",
   "id": "ab05ed76",
   "metadata": {},
   "source": [
    "# SVD"
   ]
  },
  {
   "cell_type": "markdown",
   "id": "5881269c",
   "metadata": {},
   "source": [
    "<img src=\"img.jpg\">"
   ]
  },
  {
   "cell_type": "code",
   "execution_count": 1,
   "id": "8484cf99",
   "metadata": {},
   "outputs": [],
   "source": [
    "import numpy as np\n",
    "from scipy.linalg import svd"
   ]
  },
  {
   "cell_type": "code",
   "execution_count": 2,
   "id": "b761728e",
   "metadata": {},
   "outputs": [],
   "source": [
    "class Exercise:\n",
    "    def __init__(self, m, p, k, alpha=0.5):\n",
    "        self.m = m\n",
    "        self.p = p\n",
    "        self.k = k\n",
    "        self.alpha = alpha\n",
    "         \n",
    "    def solver(self):\n",
    "        \n",
    "        matrix = self.random_sampler()\n",
    "        U, Sigma, V_T = self.SVD(matrix.reshape(self.m ,self.m))\n",
    "        \n",
    "        E = np.dot(U[:, 1:self.k], np.power(Sigma[1:self.k], self.alpha))\n",
    "\n",
    "        print('Generated A :\\n', matrix)\n",
    "        print('='*50)\n",
    "        print('U matrix:\\n', U)\n",
    "        print('='*50)\n",
    "        print('Sigma matrix:\\n', Sigma)\n",
    "        print('='*50)\n",
    "        print('V matrix:\\n', V_T)\n",
    "        print('='*50)\n",
    "        print('E matrix:\\n', E)\n",
    "#         return E\n",
    "    \n",
    "    def random_sampler(self):\n",
    "        \n",
    "        random_matrix = np.zeros(self.m*self.m) \n",
    "        nonzeros_count = int(np.rint(self.m*self.m*(1-self.p)))\n",
    "        idx = np.random.choice(self.m*self.m, nonzeros_count, replace=0)\n",
    "        nonzeros_num = np.random.randint(1, 30, nonzeros_count)\n",
    "        random_matrix[idx] = nonzeros_num\n",
    "        \n",
    "        return random_matrix\n",
    "    \n",
    "    def SVD(self, A):\n",
    "\n",
    "        U, sigma, V_trans = svd(A)\n",
    "        \n",
    "        return U, sigma, V_trans"
   ]
  },
  {
   "cell_type": "code",
   "execution_count": 3,
   "id": "3ec49001",
   "metadata": {},
   "outputs": [
    {
     "name": "stdout",
     "output_type": "stream",
     "text": [
      "Generated A :\n",
      " [26.  0. 11.  0.  0.  0.  0. 27.  0.  0.  0.  0.  0.  0.  0.  7.  0.  0.\n",
      "  0.  0.  0.  0.  0.  0. 17.  0.  0. 10.  0.  0.  0.  0.  0. 18.  3.  0.\n",
      "  0.  0.  0.  0.  0.  0.  0.  0. 12.  0.  0.  0.  0.  0. 19.  0.  0.  0.\n",
      "  0.  0.  0.  8.  0.  0.  0. 19.  0.  0.  0.  0.  0.  0.  0.  0. 26.  0.\n",
      "  0.  0.  0.  0.  0.  0. 29.  0.  0.  0.  0.  0.  0.  0.  0.  0. 28.  0.\n",
      " 10.  0.  0.  0. 10. 20.  7.  0.  0.  3.]\n",
      "==================================================\n",
      "U matrix:\n",
      " [[-5.93256927e-01  5.66235881e-01  2.86402325e-01  1.40383255e-01\n",
      "   1.60427169e-15  4.71262945e-02 -3.82221837e-01  2.75602435e-01\n",
      "   3.76599601e-02 -8.94076374e-17]\n",
      " [-9.71449915e-03  1.50896413e-02 -1.67226857e-01 -1.65085818e-01\n",
      "   8.00641205e-16 -3.08603067e-03 -2.79056715e-01 -3.00904090e-01\n",
      "   8.80928111e-01  3.21947235e-16]\n",
      " [-9.26761020e-02  2.00670488e-01 -3.80152780e-01  6.44182293e-01\n",
      "  -5.37861390e-16  2.65774836e-01  1.55552633e-01 -3.70179006e-01\n",
      "  -3.21421488e-02 -3.98443261e-01]\n",
      " [-4.47742326e-03  1.50944371e-02 -1.45972834e-01  3.11850883e-01\n",
      "   2.71919388e-15 -9.34916057e-01 -8.42735338e-02 -4.65922580e-03\n",
      "  -1.13964003e-03  7.71074837e-18]\n",
      " [-1.58302377e-02  4.65483777e-02 -3.15364165e-01  3.09088657e-01\n",
      "  -1.75532171e-15  1.16686416e-01  3.73235892e-01  4.99133222e-01\n",
      "   2.86218499e-01  5.64461287e-01]\n",
      " [-3.32326761e-01  2.20347551e-01  9.52054624e-02 -1.68244771e-01\n",
      "  -1.52250739e-15 -9.66820877e-02  3.78283060e-01 -6.24478752e-01\n",
      "  -1.14710172e-01  4.98054076e-01]\n",
      " [-1.80494282e-17 -5.27848098e-17 -1.37929743e-16  9.69108131e-16\n",
      "  -1.00000000e+00 -2.26901920e-15 -4.44692465e-15  4.51470971e-17\n",
      "  -1.15132089e-16 -3.90148361e-17]\n",
      " [-6.50509572e-01 -4.61538937e-01  4.95300745e-03 -1.34911176e-01\n",
      "  -1.73482756e-15 -8.68385314e-02  3.96762185e-01  1.55485074e-01\n",
      "   1.54880625e-01 -3.63962594e-01]\n",
      " [-2.63250038e-01 -5.94349825e-01 -5.05972698e-02  3.10095222e-01\n",
      "   2.35153577e-15  1.50090116e-01 -5.11185527e-01 -1.63469774e-01\n",
      "  -1.61458136e-01  3.76961258e-01]\n",
      " [-1.90231388e-01  1.47183707e-01 -7.82995165e-01 -4.50128027e-01\n",
      "   7.32971849e-16 -5.84574286e-03 -2.08808976e-01  8.02506166e-02\n",
      "  -2.76363498e-01 -2.73088924e-17]]\n",
      "==================================================\n",
      "Sigma matrix:\n",
      " [5.28252758e+01 3.76105561e+01 2.65426575e+01 2.07539941e+01\n",
      " 1.90000000e+01 1.77255840e+01 1.23998953e+01 3.41500140e+00\n",
      " 2.25375280e+00 9.64441649e-17]\n",
      "==================================================\n",
      "V matrix:\n",
      " [[-7.67709220e-01  0.00000000e+00 -1.23536055e-01 -1.52566394e-03\n",
      "  -6.96863893e-02 -7.33101567e-02 -2.52080031e-02 -3.71097204e-01\n",
      "  -4.96651996e-01 -1.08034299e-02]\n",
      " [ 2.22824705e-01 -2.22044605e-16  1.65607620e-01  7.22403218e-03\n",
      "   1.45892531e-01  8.10756856e-02  2.73935313e-02  5.06715563e-01\n",
      "  -7.98350979e-01  1.17400849e-02]\n",
      " [ 5.85544526e-02 -1.66533454e-16  1.18692922e-01 -9.89920096e-02\n",
      "  -6.97550251e-01 -6.34092171e-01 -2.06496511e-01  1.76808923e-01\n",
      "  -4.79637858e-02 -8.84985046e-02]\n",
      " [-3.64057965e-01  1.11022302e-15  7.44057166e-02  2.70469186e-01\n",
      "   5.34568681e-01 -4.89455727e-01 -1.51821195e-01  4.28168795e-01\n",
      "   2.29846943e-01 -6.50662265e-02]\n",
      " [-1.31538461e-15 -1.00000000e+00  8.15123110e-16  2.71265272e-15\n",
      "  -8.55590801e-16  8.14575778e-16  2.50407053e-16  9.96890114e-16\n",
      "   6.45113376e-16  1.18716920e-16]\n",
      " [-1.65181314e-01 -2.13717932e-15  2.92452559e-02 -9.49389822e-01\n",
      "   1.72361239e-01 -7.81452797e-03 -2.30853889e-03  1.78087313e-01\n",
      "   9.50155339e-02 -9.89373811e-04]\n",
      " [ 4.41724491e-01 -2.99760217e-15 -3.39070623e-01 -1.22333582e-01\n",
      "   3.85673830e-01 -4.94324862e-01 -1.17877030e-01 -4.62761877e-01\n",
      "  -2.26380250e-01 -5.05187273e-02]\n",
      " [ 4.26603360e-02  1.94289029e-16  8.87738079e-01 -2.45581347e-02\n",
      "   1.42045054e-01 -1.46798269e-01  1.64496072e-01 -3.67892774e-01\n",
      "  -1.99374824e-02  7.04983166e-02]\n",
      " [ 2.79209739e-02 -1.66533454e-16  1.83808784e-01 -9.10193904e-03\n",
      "   5.37554786e-02  2.83627742e-01 -8.58365873e-01 -9.86283594e-02\n",
      "  -1.29959545e-02 -3.67871088e-01]\n",
      " [-1.34786087e-17  2.06898588e-17 -1.92590442e-16 -7.53766821e-18\n",
      "  -4.48174086e-17 -4.35098625e-17 -3.93919299e-01  1.00118471e-16\n",
      "   3.65293075e-18  9.19145030e-01]]\n",
      "==================================================\n",
      "E matrix:\n",
      " [ 5.5876501  -1.52107867  2.2068026   0.76120971  0.06882814  1.0753645\n",
      " -4.35889894 -3.41959153 -2.49298371 -5.18194516]\n"
     ]
    }
   ],
   "source": [
    "m = 10\n",
    "zero_ratio = 0.8\n",
    "alpha = 0.5\n",
    "k = 5\n",
    "\n",
    "ex_1 = Exercise(m, zero_ratio, k, alpha)\n",
    "ex_1.solver()"
   ]
  }
 ],
 "metadata": {
  "kernelspec": {
   "display_name": "Python 3 (ipykernel)",
   "language": "python",
   "name": "python3"
  },
  "language_info": {
   "codemirror_mode": {
    "name": "ipython",
    "version": 3
   },
   "file_extension": ".py",
   "mimetype": "text/x-python",
   "name": "python",
   "nbconvert_exporter": "python",
   "pygments_lexer": "ipython3",
   "version": "3.9.7"
  }
 },
 "nbformat": 4,
 "nbformat_minor": 5
}
